34.645329,26.947543,25.823175,11.446916,4.371783,3.63906,8.845681,5.568268,2.482627,21.056519,107.844552,32.274187,26.404234,92.020999,31.441137,0
35.011982,26.826143,25.066852,11.809147,4.166756,3.827095,9.095228,5.167428,2.515505,21.5187,104.640378,32.842487,28.233389,89.761833,30.834039,0
37.018643,27.169285,26.596211,14.634433,6.585314,4.766692,13.477994,6.923955,6.589171,24.309532,121.787571,34.076532,33.414826,87.473384,41.868762,0
37.253625,26.81471,28.120901,13.234947,6.475144,5.92741,12.285502,7.568864,5.873263,23.817956,117.726462,36.935152,32.963075,85.390606,43.777048,0
27.910106,24.511988,37.08692,12.138908,3.357944,5.970374,9.618339,8.260752,3.571008,19.518968,105.061567,34.976116,26.585373,94.459973,28.486618,0
26.344854,23.738986,35.31093,11.632966,4.116805,5.587547,9.275898,8.636551,3.219087,18.144038,105.087392,34.520371,25.413527,96.963176,28.932152,0
25.706804,24.326793,37.974769,11.327563,3.045028,5.342788,9.544796,8.040501,3.247083,18.426122,103.719158,34.926985,26.32892,94.975487,28.873443,0
30.883651,20.018745,35.256268,16.600992,0.40997,6.047407,14.36037,14.174071,3.454664,21.415426,104.293592,35.921258,27.21817,92.53275,31.544202,0
31.291563,20.491148,36.25971,16.147139,0.251535,5.861476,14.122896,14.346672,3.380129,21.229141,102.874359,36.724786,27.531721,92.870799,31.684737,0
34.899068,22.996304,42.375917,14.797474,4.339531,4.206397,12.087055,10.870038,5.938611,25.262234,104.463091,28.554275,39.118866,93.194095,22.769406,0
34.441966,22.505765,42.240327,14.71567,4.226082,4.153184,11.297551,11.013136,6.071198,24.538461,102.887927,28.799306,39.13774,93.258376,22.734287,0
35.670908,22.442211,41.903994,15.068114,4.327406,4.078369,11.72945,10.958949,6.199015,24.797371,104.29334,28.843974,38.355853,93.838435,22.838463,0
34.88528,22.586187,42.433248,15.166882,4.159822,3.892027,11.811241,11.015471,5.882313,23.921625,104.619471,28.786374,37.380535,95.050707,23.041176,0
39.122421,38.980586,27.707634,11.841106,1.499436,7.768898,2.777181,3.065594,0.490456,26.232084,118.266711,22.322959,31.402092,107.203887,24.338685,0
40.286731,38.132877,27.318133,11.513554,1.636928,7.220603,2.771549,3.435003,0.625449,25.798927,116.972276,22.726977,30.70765,106.671278,24.549426,0
39.274306,38.663307,27.716431,10.893773,2.557231,8.086283,2.352671,3.617447,0.678429,24.495368,117.703322,22.633851,30.594299,106.846024,24.248107,0
41.310878,38.973526,29.442428,11.333962,2.08306,7.806106,2.970609,3.773421,0.752737,25.841279,117.047292,22.342427,33.251644,104.823552,23.85637,0
47.867044,28.809097,13.305916,21.258991,3.458152,9.352737,13.490308,4.623642,11.063897,48.191412,109.795078,35.241546,50.502011,98.551416,36.186029,0
47.289727,30.895379,16.082395,21.574002,3.658687,9.851709,13.792274,3.794812,11.526124,48.329729,111.95556,34.84289,50.287005,101.440841,35.319264,0
49.382645,30.410445,14.411936,20.755827,3.204247,9.30136,12.291178,4.330688,11.235338,48.219225,112.088943,35.01073,48.843877,103.633588,35.18093,0
41.380419,27.971348,29.206336,22.148877,5.423798,8.802313,16.708761,4.926948,6.446389,31.618666,125.364153,28.437722,36.232531,108.740259,29.976746,0
41.44789,28.518606,30.503621,22.118024,5.307941,9.373637,16.772198,4.84997,7.05088,31.747039,127.284115,27.760041,35.920037,113.148854,28.551918,0
40.575615,28.133881,34.12949,21.45602,6.059511,8.634153,16.243578,4.037302,6.894355,31.899467,121.577194,30.597794,36.968282,104.787416,31.989538,0
41.21926,28.058453,29.84754,21.83485,5.511626,8.565634,16.226004,4.37584,6.405471,31.250348,124.791876,28.706973,36.100113,108.268101,30.093402,0
29.773499,32.671411,35.06184,14.521582,6.865806,7.517272,8.018088,4.513494,5.336243,52.387559,89.450085,28.911007,63.467095,80.555717,28.664273,0
29.614521,33.095672,35.59361,15.195983,6.765741,7.604064,9.02463,4.298807,4.692624,51.409696,90.888027,28.415456,61.561979,80.443697,27.445628,0
33.31045,46.657818,15.139889,16.055734,3.926008,8.900967,7.244439,0.835827,8.790534,40.806004,104.272317,27.377347,37.672005,99.333439,29.82944,0
32.24843,39.764922,9.259372,18.424463,3.56616,9.412303,10.075643,2.935399,8.615221,39.566912,112.165847,29.035235,33.890042,108.45302,31.27651,0
32.131079,39.392388,9.832565,18.546253,3.6803,9.133905,9.929108,3.059103,8.365438,38.610053,114.032801,29.099303,33.341228,110.618333,31.019686,0
32.193388,39.286264,9.282926,18.578507,3.989924,9.191561,10.507484,2.239998,8.637565,38.809519,112.198909,29.677181,34.360909,106.179686,32.129862,0
46.428043,25.803635,9.061189,49.966239,2.919373,0.573368,44.632142,21.375967,8.277586,60.829099,91.795553,29.942556,71.696255,80.319623,31.581085,1
47.84831,25.300781,8.806336,49.040151,1.925179,0.657272,43.993518,20.968612,9.728012,61.489292,96.096035,29.410109,72.946152,82.270722,30.560012,1
30.333791,23.656739,15.94181,44.176986,12.7769,10.067625,40.576545,21.545473,2.802568,49.736163,48.261048,6.078492,58.991033,38.73878,8.27278,1
31.337195,24.316821,17.278763,43.634157,13.075444,9.973594,38.937898,21.985779,3.088866,50.772337,52.865988,5.961191,61.46909,42.793681,10.351275,1
33.197773,24.703828,16.067225,43.219405,13.382213,10.508822,39.187343,21.362966,2.883504,48.720071,47.754086,7.514965,59.211674,40.780964,9.431249,1
59.222453,20.111346,7.993703,42.113724,4.256346,2.523236,38.913922,16.148488,7.392515,64.072991,105.230842,27.448516,77.543655,92.548305,26.182137,1
58.584323,19.384855,6.375308,40.871696,3.697712,2.572064,37.940886,15.620566,7.400798,64.752814,104.578828,26.520421,79.351675,91.614202,25.575195,1
63.300671,18.099176,3.966631,38.696803,3.123964,2.688247,34.273262,15.869987,10.61336,58.882534,102.33485,26.593829,75.228983,90.756086,25.677844,1
62.869687,18.936639,3.401894,39.034391,3.397274,1.702369,33.530791,13.581425,10.584984,58.020276,103.471389,26.179761,73.837959,91.376019,25.394371,1
56.284412,21.202899,9.85067,36.486181,3.847112,6.021495,33.055767,19.353761,7.275196,60.13468,100.329,25.27006,76.886491,83.063149,28.496256,1
57.253544,21.798547,9.547762,37.647328,3.022149,5.851039,33.003345,18.090765,6.858812,60.602649,101.513184,24.52786,78.078421,82.68025,26.718094,1
58.858025,22.145172,10.411942,38.559917,2.050551,6.076468,33.525674,18.025658,7.033778,60.936171,100.129783,24.826485,77.660345,82.224571,27.388846,1
56.1159,24.402461,10.742484,30.175982,2.516975,2.652263,19.283146,6.405501,9.433979,40.562106,106.4794,24.632144,51.875757,96.010678,29.173384,1
58.841218,23.114386,8.76263,28.563748,2.826165,2.830101,19.103016,6.843135,9.352695,41.198761,104.187889,24.065409,52.720815,94.718154,27.047794,1
46.843351,29.378679,21.897426,25.716035,2.646461,0.977348,24.67896,6.292363,9.444061,52.304228,97.014111,45.304791,66.282053,81.347943,51.160876,1
48.463553,29.440777,18.12486,25.275108,2.615355,0.247314,23.06265,8.157162,8.267085,48.07718,95.811143,44.601176,64.05284,80.226278,50.705733,1
47.591178,30.624607,21.219824,25.598362,1.594211,0.792472,24.092417,5.558249,9.775686,51.551485,96.449298,47.453978,65.985371,83.788617,51.514747,1
42.706311,26.99304,22.385426,31.783987,3.74494,4.264572,32.401674,8.722189,9.831364,54.762777,65.308634,50.164074,62.415879,30.839585,20.568627,1
43.498914,26.473801,19.508398,33.504391,3.151507,3.256718,32.991256,7.557511,10.521737,56.311604,86.42993,51.3861,60.732743,38.362589,29.438983,1
47.290402,25.451046,10.788886,31.304509,4.895327,1.314822,26.424878,16.602124,6.528347,53.170214,92.347955,37.601192,62.662051,60.217803,38.429673,1
46.960753,26.145936,11.080678,32.37633,5.015169,1.638195,26.971814,14.942112,6.812506,52.282674,89.98166,39.158962,62.013108,65.203292,40.872904,1
47.019072,26.369746,10.843215,31.53396,4.405117,0.077122,26.590168,14.748026,5.797451,52.87144,93.41196,37.340501,64.842417,69.217262,37.142734,1
40.561253,26.199868,9.400059,31.171401,4.376977,2.944813,28.526172,7.814986,2.90643,62.13748,109.135052,18.136061,79.054481,93.491217,19.249968,1
42.028069,26.156782,9.811748,30.951819,4.032392,2.681128,28.535455,8.006891,2.660586,62.306193,107.63097,18.273372,78.710224,92.123163,19.889259,1
34.724952,26.308724,17.633256,37.017474,8.997693,6.567284,41.843476,14.278814,2.69127,50.487746,34.275064,9.873759,60.547321,36.997265,16.950892,1
35.001097,26.750203,16.979806,36.384499,7.665396,6.603325,40.058763,12.764314,2.67335,47.138012,32.690556,9.244631,56.494859,34.29244,12.853171,1
33.423619,26.355728,18.77992,34.848399,8.151241,6.943795,38.742724,12.570691,2.832036,48.807562,36.596748,10.892881,60.223601,39.993473,17.197102,1
37.844726,28.133571,21.625762,24.33012,2.175659,3.193329,21.700122,8.506241,6.760441,39.064437,41.671382,23.28182,53.539739,61.296621,35.621821,1
38.970785,23.071002,14.243818,25.982188,1.965579,3.183024,23.381896,8.587733,7.198692,36.612593,23.900624,11.424699,52.050477,61.133552,35.177296,1
38.537755,26.383713,18.453534,25.300754,2.688669,2.386871,21.713119,8.211896,7.514967,40.030358,42.37645,27.868268,54.407226,62.363085,38.907878,1
32.723435,27.495677,20.826205,20.473616,1.594435,6.515028,17.860271,4.388653,4.068259,29.465669,124.280908,20.836259,38.544151,109.818659,16.593617,2
31.725427,27.309766,21.60389,20.639068,2.433159,6.31859,17.887425,4.180672,4.769957,29.582084,124.569683,21.590642,39.112729,109.717672,17.327463,2
32.215138,27.616895,21.665458,20.270395,2.070464,6.411011,17.862052,3.69507,3.970094,30.443982,123.018254,21.002762,39.121664,108.892614,16.418351,2
37.101627,23.544318,31.726676,15.626065,1.798726,7.103749,15.178139,3.865577,5.991713,28.473005,111.092603,28.543186,42.829116,98.721626,20.208744,2
36.451763,24.255756,31.781189,15.455938,2.528688,7.236241,15.078206,4.551565,5.277207,27.935452,110.816499,29.323731,40.593446,99.476901,21.143541,2
36.827093,23.604228,29.70898,14.549219,1.609549,6.768656,14.506717,4.201827,5.104431,27.86102,109.857425,28.675789,41.03332,97.955721,20.518299,2
40.567909,21.497627,24.55323,14.106421,2.750682,3.050296,12.263629,7.012986,4.250025,23.278472,88.36238,30.690799,50.033279,86.14116,21.514625,2
40.07551,20.700267,23.923563,14.141886,1.89646,3.092458,12.367948,6.565528,4.28197,23.393648,87.525349,31.698186,51.057518,83.580981,21.693898,2
39.880508,20.666496,24.246727,14.376786,2.301642,2.704095,12.449428,6.600871,3.875032,21.997395,88.346238,31.295497,47.749628,86.96771,21.857133,2
42.380447,22.066237,35.828468,15.26255,4.870952,5.754996,12.538984,8.427553,4.215057,38.462076,69.813232,30.298786,60.835637,70.815807,24.081443,2
40.469652,21.967884,35.108881,14.529843,4.327253,4.63061,12.76901,8.307988,4.264001,38.501004,72.215611,29.746812,60.2292,72.717985,23.58749,2
40.670468,21.369239,36.066197,13.821788,4.695001,4.779017,11.581631,8.304422,4.200113,37.026919,73.41703,30.214432,58.335068,74.07897,24.617987,2
33.334777,31.283554,15.065872,15.880244,3.400608,9.521765,14.472895,5.514933,5.271533,32.904648,98.53985,25.232401,48.567916,80.375314,21.893831,2
34.396574,29.883243,15.030953,14.503324,3.49148,9.722826,13.34582,4.759783,5.30042,29.496076,96.981567,26.520951,45.387218,80.762902,21.430885,2
34.263876,31.178201,14.03933,15.907009,4.28742,8.396124,13.528431,4.285423,4.257218,29.447871,98.028963,26.627066,46.857675,80.045988,22.476826,2
36.657298,40.133795,17.408884,8.679972,3.868087,7.039065,9.826484,3.449935,5.648641,40.532387,111.425879,21.764429,46.69353,95.110653,26.102023,2
37.460945,39.788389,18.722505,9.195203,4.362066,7.035157,10.589493,3.041307,5.694529,43.769622,112.353278,22.632129,45.849406,98.573232,26.725272,2
32.769956,37.801573,17.041393,8.03183,4.723214,6.669811,8.662848,3.329021,5.053348,39.413407,118.86539,20.674458,40.714862,106.874719,26.556773,2
36.5265,38.166276,6.437082,4.387087,2.007636,7.257406,8.175051,3.73222,9.851664,48.449048,98.860543,33.899073,37.620362,101.824192,36.134704,2
37.753366,36.43565,5.404191,3.162344,2.687135,6.747874,8.704745,4.534798,9.514505,49.108221,98.556112,33.444732,40.112035,98.670617,36.964878,2
37.579699,38.263641,6.735389,5.113531,2.551514,8.729173,8.325732,4.559411,10.658481,50.554371,96.905326,34.784017,40.277519,98.07312,38.67857,2
52.157838,37.363504,14.908939,6.116238,2.097657,11.379146,11.016873,5.761771,14.402278,67.678132,82.71474,46.511051,59.026721,70.713905,55.896153,2
53.331279,37.566485,17.280668,6.86256,2.427505,10.826092,10.691494,6.391841,14.857259,67.073019,83.420722,49.063919,58.162916,64.408384,61.276222,2
51.825987,37.84345,16.243637,5.338437,3.353248,10.707796,10.453131,6.027425,15.240328,66.310202,82.86359,48.280044,56.22897,64.601079,61.413107,2
34.079109,34.515603,19.926764,6.660132,5.290204,4.805401,12.333823,4.55794,3.72463,22.30749,128.602576,21.969801,29.935137,111.864495,25.536129,2
33.340473,35.420418,22.938547,6.191344,4.509377,5.393859,12.900476,3.990985,3.74728,23.187371,131.694631,22.16018,27.123385,116.905732,27.418519,2
32.143927,34.029642,21.167994,5.263808,4.70704,4.513651,12.983591,4.448031,3.578234,20.421786,133.707888,20.932123,27.005697,119.249949,24.161923,2
31.088911,29.539014,35.651848,11.631572,3.706298,4.447067,11.917175,6.195787,3.576583,32.110572,91.634209,24.19999,40.246345,79.020026,20.784655,2
30.561676,29.42757,36.480511,11.418774,3.622527,4.127778,12.067235,6.718592,3.410447,30.846322,92.100534,24.476373,37.887241,80.23576,21.137689,2
35.12265,40.441973,4.114429,8.619012,1.650396,11.414241,7.157311,5.00007,13.713916,53.812061,102.839554,35.900476,37.484165,110.18972,36.069338,2
27.004557,6.792217,18.359789,17.573377,4.274279,3.967595,49.003972,109.918164,23.301764,54.336215,105.813659,26.422272,40.035825,115.869038,31.325162,3
26.35277,7.491903,18.756591,18.260641,4.154237,4.308313,49.603209,108.879361,23.231397,54.035723,106.842303,25.891019,37.554487,117.430565,31.165393,3
26.130517,6.593724,24.440466,24.53534,3.552551,3.417096,41.707103,126.049013,21.030598,43.097774,122.724354,20.603249,30.695388,127.840852,24.136216,3
26.032131,6.654461,24.923157,23.032465,2.965531,3.798024,40.226236,126.864862,19.99375,42.002859,123.678604,19.286104,28.644661,129.80996,22.229082,3
25.224606,5.28721,26.382481,23.529733,3.435458,4.388615,40.902192,125.764081,20.532019,42.414586,125.067415,19.341633,29.176305,132.19342,21.792492,3
23.531065,5.135699,22.624438,23.915932,7.21193,5.186431,34.592952,121.50927,17.405473,36.462119,126.882436,15.779086,26.013374,134.175553,20.380022,3
34.436359,5.732801,20.335612,19.52991,4.115285,5.727568,54.216515,105.874669,21.818253,57.590246,105.496349,22.126651,45.262889,109.039255,24.895734,3
33.811473,4.275364,18.564463,19.634049,4.27976,5.61855,52.20054,107.939862,21.912517,55.301783,107.273561,22.715628,42.062934,111.562852,24.721262,3
36.555109,3.766949,17.627729,20.57281,3.625664,5.840191,54.684851,105.793624,23.474038,57.825754,105.461291,24.456289,46.216203,108.045401,26.322926,3
33.058854,2.028282,13.579746,15.344481,7.364069,5.275065,52.887022,107.534354,18.12642,57.399174,104.931986,22.493174,47.500143,108.032169,25.089265,3
31.77124,3.326075,15.101447,17.172902,6.58697,5.546334,56.235212,100.499353,22.269048,59.078957,101.835671,26.474954,45.469838,104.797132,29.103416,3
31.827366,3.276456,13.142526,17.428248,6.698577,6.073151,57.608645,96.940473,24.955287,59.635284,101.310105,28.833243,48.019753,102.671215,31.856449,3
33.465098,4.982347,9.459119,19.796253,8.422593,5.4751,58.524043,110.923647,24.331357,59.902313,113.134212,27.963547,57.690294,107.482932,30.901466,3
32.256293,4.975561,9.524289,19.192085,7.891575,5.173418,55.972746,113.493793,23.208453,57.800264,114.222804,26.485941,54.683904,109.758741,28.541077,3
31.354888,4.552543,11.010168,18.964317,8.331091,4.901652,55.411122,113.784799,23.590793,56.436937,115.878141,26.422125,52.141747,111.217619,29.319066,3
31.411954,4.941364,11.345616,18.989563,8.883474,6.569514,56.122702,113.312708,23.805061,56.416555,116.543734,26.736625,51.764524,110.438256,29.189807,3
31.938933,4.806515,9.854215,18.415471,8.341181,4.377598,55.227291,112.613606,24.131666,57.530466,112.532528,27.172453,52.805283,109.228211,30.553371,3
25.53942,10.433459,25.931524,15.876459,3.930116,5.218239,43.98529,114.172301,26.145117,44.757462,113.383923,30.006649,43.909475,102.142632,30.939215,3
23.615971,9.593436,25.616657,17.202967,4.104796,5.786845,44.177621,116.49823,25.749053,45.36003,114.859982,30.62779,41.091845,106.756462,31.652181,3
22.863592,6.471958,18.17475,13.72827,5.276175,4.853926,47.515653,110.797849,31.423973,47.821077,111.128569,29.506329,47.282043,99.19365,31.737786,3
21.479425,6.987483,18.220085,14.602446,5.688813,5.327069,48.015894,111.222777,30.608209,47.306831,111.658058,28.868185,45.69966,100.456233,31.163302,3
21.534442,10.112609,17.495427,20.155202,5.398919,6.963462,41.113673,123.844621,26.403714,43.568194,118.796173,32.694068,37.614505,113.107425,34.526079,3
21.361741,9.728554,16.695044,19.550598,5.551123,6.954349,40.54256,123.590302,26.367126,43.480156,118.04643,32.942932,38.373911,111.545853,34.950167,3
20.646223,9.70991,17.645883,20.089562,5.216942,6.550361,40.540284,124.084137,26.479504,42.788833,119.420461,32.503642,36.526214,113.558849,33.941238,3
25.729704,14.680322,14.400693,19.720299,5.174177,3.294188,34.914159,125.771072,21.01372,47.829123,109.362409,26.061743,49.443195,108.081891,25.527636,3
25.449053,14.8605,14.049659,19.474649,5.040771,3.353223,36.341983,125.186839,22.2378,48.057951,110.433186,27.322447,48.579053,110.485683,26.854564,3
38.84049,10.731161,24.812689,14.755069,4.095373,6.7984,96.000782,58.516514,28.552254,106.152886,48.381013,33.67819,109.239356,47.367976,38.630538,3
31.413488,18.137501,18.388858,24.665622,4.557842,5.60848,88.483416,78.323895,39.79976,101.147508,67.201389,53.045286,108.307208,54.605601,52.888381,3
30.8108,18.842798,19.055387,25.385591,5.054765,5.985566,88.567906,78.17094,44.441266,98.533169,69.704052,56.703675,106.296494,55.816491,58.160638,3
32.81165,18.418154,20.634269,25.672504,4.809708,5.230895,90.386535,76.551516,42.064955,101.993211,67.086045,56.96884,108.985354,53.929443,58.077322,3
24.295026,26.332672,43.887775,59.608059,126.743326,76.984135,67.222896,117.622751,104.063549,63.173867,125.723122,88.848259,39.115432,142.902742,78.80123,4
23.97222,25.066249,43.968046,58.136423,126.514575,78.325561,65.298276,119.187163,104.592968,60.351489,127.973645,89.573178,35.215191,145.908318,79.025181,4
27.163595,24.771423,33.664102,61.780541,125.257727,75.082865,71.287896,115.061234,109.363643,69.992303,117.128707,101.470912,53.265056,123.769162,92.939425,4
27.099736,23.381296,32.87447,62.333405,124.082034,75.3047,71.46267,115.123663,107.989397,69.864389,117.535166,99.841101,52.330112,125.078179,91.083331,4
29.745537,25.635938,38.709317,62.373089,122.384454,74.875444,70.374539,112.495653,103.987433,67.343638,114.141327,106.220139,63.766151,108.426071,105.565482,4
30.010001,25.87464,40.930793,61.872572,122.414734,75.422071,69.787476,112.64199,103.131566,67.086286,114.097105,105.08956,65.639387,107.680215,104.071629,4
29.589855,26.870763,40.853229,62.744736,124.796455,74.869262,70.367388,113.473372,103.068654,68.188194,114.075035,105.48903,66.385627,107.647024,105.724318,4
32.218027,27.81124,42.723632,65.127865,114.608718,76.894121,73.404567,108.105647,100.356254,75.522746,105.062519,102.781579,83.023757,91.708806,99.00757,4
31.634068,27.796068,42.085121,65.456545,111.638488,81.320698,73.61867,108.744383,99.455383,75.564777,104.787309,103.20985,81.335514,93.386134,98.359617,4
31.20242,27.846918,43.869504,63.739533,116.089239,76.050792,72.315451,108.823159,99.655063,73.099644,107.886234,99.613468,78.271565,96.57334,93.964262,4
30.297922,26.640808,55.043582,77.779035,91.261237,84.132467,87.477572,96.546654,95.46906,92.150822,92.327634,95.447133,101.835463,79.295201,91.717749,4
30.390606,26.331191,55.036362,76.680718,92.814269,84.90611,86.3005,97.466461,95.212354,90.810128,93.500753,94.637497,100.398618,80.410539,90.112753,4
26.795267,28.047718,31.60265,51.368976,116.091141,67.08853,58.806971,112.447086,100.94117,57.211819,119.342966,88.599327,46.324022,123.73353,79.505936,4
27.130907,27.210594,54.203352,35.991052,146.020219,35.26755,38.937218,144.721324,42.220237,35.280176,147.744178,25.870814,21.74472,155.75412,20.893399,4
26.723103,27.17849,52.841288,36.733757,145.200956,36.871897,39.537112,144.581554,43.162633,36.49849,145.917125,27.491304,22.560526,154.472511,21.846433,4
27.068253,28.951932,51.662404,32.821386,149.212771,35.859279,36.279102,143.911325,48.917454,43.209388,134.28198,40.279552,32.26314,139.879829,32.723423,4
28.705804,29.512598,55.708306,33.668441,151.528678,36.476782,38.209059,143.06122,50.641597,41.265199,136.509834,38.123711,26.813676,144.001644,29.74487,4
26.665357,28.99655,52.661285,32.861913,151.403774,35.820508,36.89987,141.976434,50.219654,43.259825,133.530003,41.696164,33.028091,137.992507,34.171872,4
24.069893,25.622183,59.080169,47.24406,116.540457,43.139824,47.581746,134.105529,48.086613,45.789008,133.690189,32.516329,23.646877,149.092801,27.127911,4
24.415506,26.902712,60.319429,46.133645,119.283935,45.492203,46.934758,135.272132,48.119713,44.954926,134.907326,34.730639,22.902174,147.164112,28.99392,4
24.148866,24.697487,56.025874,46.567689,117.453795,42.060884,48.091001,133.097809,47.624149,46.670907,132.925536,33.213278,25.740894,144.561446,28.792056,4
26.949632,27.442275,53.300387,38.04464,143.81667,42.018215,36.234773,144.993573,48.69353,34.228414,141.068071,36.320179,35.629626,144.963943,30.452438,4
29.435234,27.817671,54.90692,36.083256,142.854233,38.338926,34.343843,146.542759,45.227502,36.315436,138.3538,32.259198,36.518419,144.406997,27.807496,4
27.043346,28.165897,57.478976,37.047794,148.447299,41.024574,38.534724,143.318546,49.805946,35.890797,142.577766,37.938059,33.415428,146.826579,31.005961,4
26.740902,24.088896,48.682375,38.27432,143.540574,41.706017,41.207877,134.788834,48.56309,36.567703,139.884155,40.583397,35.907947,142.176001,34.084884,4
27.79434,23.841693,45.931903,38.515688,142.92919,41.324979,41.992926,133.860874,49.280253,37.853426,139.083487,41.398126,39.742314,139.683535,34.377035,4
27.336421,23.42276,43.487046,38.935098,142.337937,41.091797,41.351735,135.565234,48.109157,36.532057,140.286781,39.665201,37.713764,140.518943,33.596716,4
29.021539,26.191762,48.466473,44.674737,146.217381,51.159373,54.737976,125.974788,77.519277,59.358469,121.781777,71.45925,65.776856,118.038465,64.055157,4
30.114897,25.229779,47.327693,43.689539,144.890008,51.776798,52.605624,126.344794,75.815397,58.389036,121.831299,68.478969,63.185269,120.767429,58.183819,4
28.724773,26.038335,47.747011,44.016496,145.800137,52.219419,53.959026,124.836873,77.740101,58.484789,122.205666,70.088075,63.017047,119.773305,61.332091,4
29.556968,41.551552,56.27895,15.474039,1.931451,3.392564,4.251028,5.003808,4.785389,1.991457,3.590218,1.564753,9.004291,7.03449,5.05765,5
29.142626,41.149257,55.613404,15.32338,1.065199,3.307821,3.991193,4.946898,4.214354,2.01403,2.57939,1.497375,9.176956,6.130522,5.006537,5
29.795193,41.584824,56.830586,15.121508,1.34204,3.195067,3.871962,4.986848,4.211375,1.889102,2.780709,1.253901,8.340422,6.252667,5.311711,5
32.913042,38.29054,51.800849,17.949338,3.218826,1.938105,8.175356,4.708571,3.249385,2.80155,3.184359,0.890732,7.066246,6.114965,3.724954,5
32.563799,38.081589,52.403564,17.152677,3.186298,1.945566,7.596069,4.457739,3.099606,2.509535,2.719261,1.134005,7.628129,5.347932,3.751047,5
33.420789,38.862781,52.719026,17.812264,3.369345,2.124315,8.05122,4.418842,3.41173,2.847239,2.677412,0.731539,6.231531,5.916224,3.858684,5
34.325896,37.94308,50.286488,21.028922,3.631114,1.884331,10.318064,3.631562,2.441873,4.346602,2.950813,1.220619,7.483153,4.020109,1.631609,5
33.55158,37.655204,49.376952,20.599107,3.388029,2.034549,10.204384,3.35949,2.433187,4.250502,2.88233,1.518832,7.237622,4.023626,1.652329,5
34.030969,37.738969,51.460127,20.301957,3.651703,1.984864,10.125148,3.706391,2.553642,4.187313,3.020572,1.423759,7.157234,4.057312,1.743265,5
35.026836,49.44575,57.057735,11.097107,3.031445,1.421122,1.736762,4.083678,4.393659,5.450168,5.30804,0.37108,13.502893,8.435739,6.292784,5
35.946968,49.755455,55.663982,11.57409,3.780567,1.655874,2.499333,4.924169,5.121783,5.337913,6.016421,1.248321,13.496849,8.724164,5.789434,5
35.720938,49.528625,56.551246,12.048136,3.281937,1.319785,1.945118,4.017506,4.765976,5.369075,4.717749,1.440307,12.65003,8.892696,5.983634,5
35.566139,50.105826,57.275888,11.677919,3.161111,1.689552,1.768213,4.101053,4.966415,5.57219,4.874837,1.332839,13.354164,8.549923,5.757243,5
37.086311,55.511427,47.423296,15.144073,3.378332,1.359271,3.691798,5.528436,3.72428,4.148092,5.234233,1.754965,13.144376,6.678473,3.250107,5
36.638682,55.736659,46.954039,14.527829,3.308753,1.883327,3.119207,5.271498,4.083767,4.725786,4.903224,2.124859,13.926795,7.374271,2.915386,5
37.033495,55.893133,45.985552,14.425387,3.524953,1.609219,3.604792,4.682154,3.582376,4.552991,3.894057,1.658168,13.565696,7.584022,3.838914,5
40.970476,42.916155,54.583468,9.837584,5.135708,2.980389,1.483453,7.627665,3.82216,8.791617,13.468577,1.194062,22.790776,14.402796,5.949564,5
38.882432,42.951565,54.092683,9.932858,5.227982,2.905932,1.372897,7.437619,3.432324,8.911745,13.580204,1.495733,22.898346,14.655298,6.306066,5
41.1222,43.255462,53.523105,10.273611,5.056826,2.995809,1.120093,7.338367,4.416839,8.7273,13.568313,1.094211,23.04066,15.352404,6.345532,5
33.764321,51.383445,56.44264,10.011902,3.637871,0.913306,1.619792,1.96942,3.116904,8.11511,2.881648,1.291572,15.143096,9.557706,6.869861,5
33.836879,50.889117,55.823965,10.486397,3.061581,0.835544,1.582586,1.215874,3.547431,8.238686,4.372644,0.936949,14.832942,10.221574,8.088363,5
35.009446,52.049118,57.498308,9.633601,3.235051,0.830663,2.32583,2.109734,3.679352,9.061059,4.83039,1.017056,15.542589,10.316558,7.327926,5
34.019707,36.848906,55.154621,19.086322,3.535215,2.005303,10.292633,4.277711,2.964055,3.604664,3.451805,0.597255,8.629262,5.704549,1.173767,5
34.509934,37.534776,55.993811,19.242491,3.384335,1.682751,10.404426,4.12596,3.214666,3.521328,3.250076,0.362827,8.876405,5.635595,1.337822,5
34.245642,37.827209,55.184193,19.351644,3.429847,2.078625,10.177986,4.081615,3.302993,3.383136,2.997999,0.813539,9.068268,5.650429,1.829454,5
36.580744,34.521399,54.696272,15.844835,3.789126,4.545354,4.823384,8.587915,4.968615,2.213285,9.837482,2.840169,7.279075,8.892318,2.240869,5
37.214582,34.302147,53.980257,15.406336,2.915291,4.604687,4.843422,8.056542,5.287717,2.217167,9.151827,3.05691,7.452533,8.378746,2.535983,5
37.566914,34.937993,53.037673,15.414631,2.747581,4.041665,5.460821,7.429374,4.842513,2.002064,9.248627,2.659081,6.853607,8.18447,2.490299,5
35.798512,36.933618,55.880573,13.9543,6.702179,2.816009,1.532796,13.146387,2.425342,6.260901,17.509604,2.641261,17.829,16.680881,6.985496,5
35.051069,37.206784,57.538699,14.129479,6.61859,2.367406,1.108866,12.508947,2.057025,6.358768,17.474158,2.706616,17.57553,16.272041,7.09698,5
38.990568,15.656359,8.309957,24.026862,23.975203,9.120744,19.752184,31.109162,7.353854,15.551864,32.600698,7.369884,16.73808,19.530673,9.688813,6
37.781251,15.914425,8.962328,24.757874,24.131191,9.335044,19.499088,31.405852,7.815843,14.813716,33.223468,7.669537,16.388347,19.848438,9.501289,6
39.134926,16.152544,9.109407,25.350813,25.324828,10.014681,18.799786,32.709843,8.942688,14.784277,34.544055,8.052275,16.400507,20.681981,9.830913,6
40.607799,19.232306,7.805672,26.873191,25.356984,15.949774,23.000149,30.871852,8.599692,17.211144,33.113589,9.439618,17.998846,22.023704,13.221004,6
39.665692,19.770032,9.885638,26.769192,26.112129,16.200142,22.994905,31.751243,8.912756,17.782433,33.468919,8.928893,19.073813,22.344919,11.648664,6
41.04904,20.25174,8.41254,26.48962,24.550637,15.979998,22.641055,31.803252,9.663882,16.121854,35.439441,9.310576,18.218833,23.332343,12.90428,6
43.645864,23.001679,9.089985,34.828527,26.054238,14.342695,37.623391,30.934555,16.088607,32.871649,35.114353,11.638252,28.860777,25.265326,14.111729,6
41.763067,23.620005,7.501161,33.394449,26.722324,14.79852,36.118864,32.912733,15.909077,32.187191,35.517478,11.147414,28.355522,25.30035,14.285762,6
28.224813,11.27354,6.753183,23.909134,24.555552,12.532872,20.075485,34.268104,14.223725,13.001448,33.336453,14.363395,15.349503,20.193392,10.933129,6
26.719485,11.226033,5.877755,24.512598,24.64002,11.958148,20.738985,32.328013,12.973493,13.221097,31.634193,13.484519,15.457534,18.981908,10.495881,6
27.525271,11.487186,5.787088,24.624665,24.085198,12.680949,20.946711,32.480043,14.092971,13.463466,31.807248,14.082571,15.329414,19.132489,10.610231,6
31.151234,14.631643,8.262124,26.858282,19.3236,10.807438,23.293875,31.221702,12.907477,12.650169,32.626642,13.248601,14.615902,17.730224,7.686013,6
31.306324,15.3081,8.629526,26.348328,19.143141,10.538675,22.612223,31.37323,12.446806,11.302569,33.412656,13.475851,14.337523,18.068308,7.542346,6
30.901974,15.031553,8.078321,26.711339,18.867515,10.54674,23.501084,31.904616,13.067682,12.786853,33.473875,13.510967,14.621486,17.643159,7.589976,6
38.593143,29.436295,13.801833,38.51785,27.986257,21.041711,34.115523,35.532783,22.932608,27.870519,35.916231,15.415728,25.146632,19.343402,9.280806,6
37.749176,29.501912,12.679576,40.787263,25.868437,19.74834,37.140294,33.249276,21.337887,30.215874,34.189969,14.071967,24.954031,20.489927,8.647237,6
37.773117,29.32253,13.788447,36.721863,27.681752,20.394126,31.955862,35.169784,21.866229,25.728567,35.203244,14.710579,24.285226,19.223129,9.282275,6
22.151789,15.451815,24.324989,31.590246,53.242215,20.673935,30.133151,55.359842,24.239191,24.864308,53.165215,23.829239,28.42593,40.449197,19.779969,6
23.475759,15.284263,23.438538,31.539025,53.135931,20.650871,29.812769,54.199618,24.94537,24.065824,50.948915,24.098069,27.332315,39.802926,19.77069,6
24.908289,25.953762,29.12177,20.991682,40.734985,22.892652,28.43001,55.272022,20.96282,29.000224,54.488606,20.671568,31.992798,45.352591,23.145854,6
31.466311,21.644038,22.044847,31.95015,47.852393,29.101034,34.391872,55.857278,28.567944,36.365444,53.038154,27.53398,39.291277,39.40175,19.207213,6
30.183395,22.563581,23.930453,30.946701,48.288082,29.680033,35.82562,56.101122,28.249103,39.058164,53.472175,28.093212,41.86338,40.392161,21.489271,6
31.857016,22.5539,22.718342,30.854178,49.469799,29.71351,34.173513,56.373985,29.326054,37.759834,53.065913,28.043137,41.763277,40.45768,20.653908,6
22.333963,16.023715,15.239185,30.870466,50.780098,22.619665,28.766708,60.426461,26.106355,22.42944,60.258419,26.589,31.931879,39.908905,18.974207,6
22.256002,16.508988,14.43113,31.436184,50.445401,22.60042,29.009735,59.706887,25.330257,22.612057,59.55279,25.846921,32.17905,39.658161,18.292925,6
21.436084,15.836405,15.364437,32.320257,50.909262,22.062167,29.609818,59.737335,25.089833,23.835415,59.156117,25.695461,32.767859,38.682622,18.31831,6
18.42855,13.97167,15.69539,34.225522,46.011469,24.398752,25.861264,59.566539,30.234964,19.599548,59.753814,28.971549,25.072353,34.896797,18.994314,6
18.975844,14.199,16.157531,34.275824,46.279893,24.704237,26.485362,59.020042,30.414043,20.363786,59.591183,29.546078,26.15257,34.491471,19.626356,6
18.463992,14.19322,16.490467,33.964335,46.613007,24.573239,26.025215,59.029409,30.834005,19.529284,59.560396,29.509503,25.017908,33.416736,18.983606,6
37.210594,15.206046,14.46166,16.330549,45.046089,22.775707,11.134123,56.780457,28.785811,6.094538,53.97155,28.319052,12.400053,34.080324,28.259658,6
17.862307,6.933725,33.815368,39.860162,69.202063,29.079874,13.559403,20.988892,4.288462,9.044312,14.372929,6.475939,8.253889,11.397362,11.497408,7
17.997709,6.973341,34.194342,39.253183,69.869715,29.498143,12.787566,20.461436,3.926639,8.939536,14.047982,6.555959,8.133522,10.575185,11.413435,7
27.673491,20.422024,29.106178,51.489494,76.016049,28.617969,14.01245,19.195958,6.758065,7.448219,11.204303,8.621741,12.12235,10.576251,10.662041,7
28.178014,21.738704,27.03507,49.535064,77.422807,25.124264,13.948146,19.83585,6.079819,8.448118,11.826279,7.449422,12.388999,10.469055,10.12698,7
26.475425,21.552906,25.509554,49.467594,79.030999,25.437372,14.213953,21.227571,7.325735,7.676987,11.919806,7.787131,11.421215,10.21087,10.571872,7
29.003343,30.672479,31.323936,58.291309,78.505734,21.151978,19.251192,24.947575,4.491728,15.620112,16.100173,3.260745,20.479561,8.438893,1.855528,7
28.183078,28.876846,28.424006,55.57251,79.657187,20.494887,18.115348,24.88548,2.041316,13.974167,17.30062,3.179078,19.306064,9.163082,2.641761,7
28.17428,31.444568,31.081197,58.457767,78.083432,21.20092,18.804066,24.673104,3.247295,14.752549,16.635881,3.476044,19.480815,8.466805,1.906397,7
29.008488,21.808328,30.006011,56.59631,65.179542,29.910045,19.709139,19.836527,3.120713,8.650589,14.04794,6.599824,10.796836,13.138361,9.076962,7
29.520467,21.557911,30.433357,57.152285,65.006602,29.762303,19.765246,20.139876,2.961015,8.604981,14.432866,6.488442,10.480705,13.398623,9.024085,7
28.466698,22.266575,31.562003,58.049013,65.456384,29.814478,19.452201,20.363881,3.137413,8.229601,14.19764,6.465083,10.532521,13.280197,9.150931,7
17.052684,6.593045,22.353983,34.768741,67.495397,24.832093,11.513175,23.698996,2.312493,10.697456,17.402616,6.65155,6.597223,6.110856,10.278024,7
17.538511,6.675805,20.871593,35.273077,67.612965,22.773262,11.539666,24.727585,2.7747,10.484245,18.824287,6.92129,6.639628,6.938718,10.253952,7
17.427328,6.588646,22.74127,34.522374,68.556515,23.372469,10.768093,24.535159,2.808862,10.392775,18.263947,6.895306,6.690824,6.51662,10.337114,7
12.696605,7.422109,21.558194,35.785481,64.021154,23.979256,12.479198,25.913667,3.216232,9.671299,19.715559,7.881462,5.128443,7.845092,10.658801,7
12.094757,7.517991,22.338265,35.456859,64.040825,24.713438,12.420611,25.708411,3.092802,10.102546,19.83863,7.683717,5.517724,7.663663,10.547875,7
11.994776,7.68537,21.646402,35.248008,63.658197,24.58187,12.0942,25.1564,3.138248,10.095108,19.348837,7.578472,5.76738,7.257853,10.498547,7
33.683341,31.773851,16.943878,57.860669,79.235725,20.3291,25.687215,19.290148,4.897613,16.658885,8.91651,1.435427,15.656743,6.169218,3.745279,7
31.952645,30.844104,20.675056,60.094413,76.556253,20.473161,24.572308,19.015204,4.243625,15.774284,8.722653,1.568327,15.558997,6.256799,4.336753,7
31.178912,25.430864,27.623356,62.654229,66.222572,28.748945,21.994407,18.756829,2.838052,12.947939,13.99285,5.632501,17.437216,13.175014,6.8612,7
31.01058,24.91819,27.813578,62.831555,66.329815,28.354322,22.963506,18.864004,3.488495,12.799511,14.255917,6.147243,16.436393,13.138878,7.167075,7
32.021812,26.091981,26.557425,62.406023,67.056423,27.491085,22.861126,19.020605,3.538739,12.572619,14.3056,5.850303,15.93422,13.429374,7.452515,7
26.736953,16.858172,19.639131,49.336878,67.142274,27.558232,5.951614,30.156426,13.822121,6.952612,17.126506,11.387977,16.357457,10.560542,10.085315,7
26.062798,16.223847,17.342362,46.843601,66.427296,26.613121,5.648871,29.939932,13.943519,7.148637,17.462281,12.558213,15.596467,10.650462,10.86912,7
26.753723,16.048882,16.576034,47.075605,67.258249,26.228516,6.198924,29.299356,13.903006,7.034474,16.995659,12.736861,16.307319,10.611167,11.100383,7
24.117328,22.396164,28.571248,47.146889,75.171715,21.632029,7.420508,29.865921,17.30323,5.111156,18.737292,11.803284,17.863173,11.104269,8.171607,7
29.684831,23.88815,19.62884,49.40717,72.708308,28.974104,10.273101,27.76302,13.553051,5.046773,17.773285,7.924468,19.395302,9.889251,9.01468,7
29.790243,24.940871,19.358475,49.766212,73.948223,28.219892,10.781803,28.590161,12.577913,5.348287,17.608961,7.305485,19.625053,9.880665,9.147267,7
22.004624,19.870883,25.022272,59.526615,64.861542,22.352693,8.902077,27.78124,17.069899,2.113399,16.859861,13.913473,15.263037,12.184519,8.691652,7
23.126993,20.838175,23.63911,60.802473,62.474326,22.064319,8.682908,24.822389,15.792089,2.474556,13.521348,12.131148,15.148609,10.483132,7.871747,7
23.096254,19.918303,23.23448,58.63548,64.780953,21.618101,8.830539,26.077322,16.362601,1.433977,14.281703,13.290424,14.376678,10.515975,7.648056,7
